A = [3 2 3 
    4 5 6
    7 8 9];
B = [51
    100
    157];

% AX = B => X = A^(-1)B
X = A\B


